775.691	KEY	/
775.891	KEY	l
776.065	KEY	o
776.158	KEY	g
776.860	KEY	RETURN
781.289	Moved	1054	560
781.304	Moved	1067	565
781.322	Moved	1082	574
781.338	Moved	1093	588
781.356	Moved	1099	607
781.371	Moved	1102	620
781.389	Moved	1102	629
781.404	Moved	1091	641
781.422	Moved	1067	653
781.438	Moved	1045	664
781.456	Moved	1023	673
781.472	Moved	1002	680
781.489	Moved	982	687
781.505	Moved	974	689
781.623	Moved	973	688
781.656	Moved	973	686
781.656	Moved	975	684
781.672	Moved	976	683
781.739	Moved	976	682
781.990	Moved	975	682
781.991	Moved	974	682
782.006	Moved	973	682
782.057	Moved	972	682
782.091	Moved	969	683
782.106	Moved	963	684
782.125	Moved	959	686
782.140	Moved	958	686
782.640	KEY	w
783.044	Moved	957	686
783.060	Moved	954	690
783.076	Moved	952	694
783.095	Moved	951	697
783.109	Moved	951	698
783.142	Moved	951	699
783.161	Moved	951	702
783.176	Moved	951	707
783.194	Moved	951	710
783.227	Moved	951	712
783.243	Moved	953	712
783.259	Moved	961	712
783.276	Moved	970	710
783.294	Moved	981	704
783.309	Moved	994	697
783.326	Moved	1013	691
783.343	Moved	1034	688
783.361	Moved	1053	687
783.377	Moved	1067	687
783.393	Moved	1072	687
783.443	Moved	1073	688
783.478	Moved	1074	696
783.478	Moved	1075	706
783.509	Moved	1080	718
783.510	Moved	1086	724
783.528	Moved	1092	724
783.543	Moved	1095	724
783.610	Pressed	Left
783.711	Moved	1094	725
783.727	Moved	1084	727
783.744	Moved	1070	731
783.777	Moved	1055	733
783.777	Moved	1031	736
783.794	Moved	1000	738
783.811	Moved	967	739
783.828	Moved	936	739
783.844	Moved	914	739
783.861	Moved	894	739
783.878	Moved	882	739
783.894	Moved	878	739
783.911	Moved	877	740
783.928	Moved	876	740
783.944	Moved	869	740
783.961	Moved	859	740
783.978	Moved	846	740
783.995	Moved	834	740
784.011	Moved	828	741
784.028	Moved	822	741
784.045	Moved	817	741
784.062	Moved	810	741
784.078	Moved	800	741
784.095	Moved	794	741
784.128	Moved	793	741
784.479	Moved	794	741
784.496	Moved	796	741
784.513	Moved	797	741
784.530	Moved	797	740
784.579	Moved	798	740
784.613	Moved	799	739
784.864	Moved	800	739
784.880	Moved	802	739
784.897	Moved	803	739
784.914	Moved	804	739
784.930	Moved	805	739
784.947	Moved	807	739
784.970	Moved	814	739
784.981	Moved	818	739
784.997	Moved	820	739
785.031	Moved	821	739
785.064	Moved	822	739
785.081	Moved	823	738
785.098	Moved	825	738
785.114	Moved	827	738
785.131	Moved	828	738
785.148	Moved	831	738
785.167	Moved	835	738
785.181	Moved	839	738
785.198	Moved	842	738
785.216	Moved	843	738
785.249	Moved	845	739
785.265	Moved	853	741
785.283	Moved	866	743
785.303	Moved	884	747
785.316	Moved	897	749
785.332	Moved	907	749
785.597	Released	Left
785.684	Moved	904	749
785.702	Moved	894	749
785.717	Moved	879	749
785.733	Moved	852	750
785.751	Moved	818	757
785.766	Moved	779	766
785.784	Moved	736	774
785.801	Moved	691	781
785.817	Moved	647	787
785.833	Moved	604	799
785.851	Moved	565	808
785.867	Moved	535	820
785.885	Moved	514	833
785.901	Moved	496	845
785.918	Moved	479	858
785.933	Moved	458	870
785.951	Moved	437	882
785.967	Moved	417	899
785.985	Moved	401	899
786.002	Moved	391	899
786.018	Moved	385	899
786.034	Moved	385	899
786.067	Moved	388	899
786.085	Moved	400	899
786.100	Moved	427	896
786.119	Moved	451	890
786.134	Moved	467	885
786.152	Moved	476	881
786.167	Moved	479	879
786.219	Moved	481	878
786.234	Moved	485	876
786.253	Moved	489	876
786.267	Moved	499	875
786.286	Moved	509	872
786.301	Moved	517	869
786.320	Moved	522	868
786.336	Moved	525	868
786.352	Moved	531	865
786.368	Moved	542	861
786.385	Moved	546	859
790.379	Moved	551	859
790.395	Moved	566	859
790.412	Moved	572	859
790.429	Moved	575	859
790.447	Moved	579	859
790.479	Moved	581	859
790.562	Moved	582	859
790.582	Moved	583	859
790.612	Moved	584	859
790.663	Moved	585	859
799.855	Moved	590	859
799.871	Moved	623	863
799.889	Moved	666	869
799.904	Moved	721	876
799.922	Moved	798	888
799.937	Moved	872	898
799.956	Moved	936	899
799.971	Moved	984	899
799.987	Moved	1019	898
800.004	Moved	1036	896
800.023	Moved	1043	894
800.038	Moved	1043	893
800.104	Moved	1044	893
800.123	Moved	1050	889
800.138	Moved	1062	885
800.157	Moved	1079	878
800.171	Moved	1098	874
800.189	Moved	1119	868
800.205	Moved	1145	861
800.223	Moved	1180	853
800.238	Moved	1212	847
800.256	Moved	1233	840
800.272	Moved	1244	835
800.290	Moved	1246	834
800.323	Moved	1243	834
800.338	Moved	1233	840
800.355	Moved	1227	843
800.372	Moved	1221	846
800.390	Moved	1218	849
800.405	Moved	1213	852
800.424	Moved	1207	856
800.439	Moved	1198	861
800.457	Moved	1189	865
800.472	Moved	1181	868
800.489	Moved	1177	869
800.506	Moved	1175	870
800.524	Moved	1169	872
800.539	Moved	1162	876
800.557	Moved	1158	878
800.572	Moved	1152	882
800.590	Moved	1146	885
800.606	Moved	1133	885
800.624	Moved	1113	885
800.639	Moved	1099	885
800.657	Moved	1093	885
800.758	Moved	1091	885
800.806	Moved	1090	885
800.824	Moved	1088	884
800.840	Moved	1086	882
800.907	Moved	1085	882
800.940	Moved	1085	881
801.025	Moved	1085	880
801.058	Moved	1085	879
801.074	Moved	1086	879
801.092	Moved	1086	878
801.226	Pressed	Left
801.342	Released	Left
801.441	Moved	1086	877
801.460	Moved	1086	875
801.475	Moved	1086	873
801.493	Moved	1086	871
801.509	Moved	1086	869
801.526	Moved	1086	867
801.542	Moved	1086	866
801.558	Moved	1086	865
801.592	Moved	1086	864
801.608	Moved	1086	863
801.642	Moved	1085	863
801.692	Moved	1085	861
801.727	Moved	1084	860
801.759	Moved	1083	857
801.776	Moved	1083	856
801.809	Moved	1083	855
801.828	Moved	1082	855
801.876	Moved	1082	854
801.926	Moved	1082	853
802.005	Pressed	Left
802.133	Released	Left
802.429	Pressed	Left
802.541	Released	Left
802.879	Moved	1082	854
802.895	Moved	1084	858
802.912	Moved	1085	862
802.929	Moved	1086	866
802.945	Moved	1088	871
802.962	Moved	1089	875
802.979	Moved	1089	877
802.995	Moved	1089	879
803.012	Moved	1090	881
803.046	Moved	1090	882
803.129	Moved	1091	883
803.277	Pressed	Left
803.365	Released	Left
803.650	Moved	1090	883
803.664	Moved	1082	883
803.682	Moved	1070	883
803.697	Moved	1054	885
803.716	Moved	1028	888
803.731	Moved	990	893
803.747	Moved	949	898
803.764	Moved	901	899
803.783	Moved	841	899
803.798	Moved	778	899
803.816	Moved	712	899
803.831	Moved	674	899
803.849	Moved	658	899
803.864	Moved	656	899
803.883	Moved	656	899
803.965	Moved	655	899
803.983	Moved	645	895
803.998	Moved	627	891
804.017	Moved	601	887
804.032	Moved	581	884
804.050	Moved	567	882
804.065	Moved	555	880
804.083	Moved	548	879
804.132	Moved	549	878
804.150	Moved	549	876
804.165	Moved	549	875
808.443	Moved	550	875
808.462	Moved	557	875
808.477	Moved	559	875
808.510	Moved	560	875
808.597	Moved	561	875
808.611	Moved	562	875
808.644	Moved	564	875
808.677	Moved	565	875
808.728	Moved	566	875
808.744	Moved	567	875
808.778	Moved	568	875
808.794	Moved	569	875
808.945	Moved	570	875
808.978	Moved	571	875
809.162	Moved	572	875
809.246	Moved	573	875
809.262	Moved	574	875
809.279	Moved	575	875
809.312	Moved	576	875
809.446	Moved	577	875
809.463	Moved	578	875
809.496	Moved	579	875
809.513	Moved	581	875
809.530	Moved	583	875
813.758	Moved	590	875
813.774	Moved	622	875
813.791	Moved	661	880
813.808	Moved	704	887
813.825	Moved	745	887
813.841	Moved	780	888
813.858	Moved	814	888
813.875	Moved	846	888
813.891	Moved	872	890
813.908	Moved	891	890
813.925	Moved	900	890
813.942	Moved	905	890
813.959	Moved	911	890
813.975	Moved	920	888
813.992	Moved	929	887
814.008	Moved	938	886
814.025	Moved	942	885
814.042	Moved	946	885
814.059	Moved	953	885
814.075	Moved	956	885
814.159	Moved	958	884
814.175	Moved	957	884
814.192	Moved	949	880
814.209	Moved	937	877
814.226	Moved	925	874
814.242	Moved	914	871
814.259	Moved	906	869
814.276	Moved	901	868
827.929	Moved	902	868
827.946	Moved	908	868
827.962	Moved	911	868
827.979	Moved	914	868
828.079	Moved	916	868
828.113	Moved	917	868
828.129	Moved	918	868
828.146	Moved	920	868
828.163	Moved	922	868
828.180	Moved	925	868
828.196	Moved	927	868
828.247	Moved	928	868
828.297	Moved	929	868
828.363	Moved	929	867
828.380	Moved	931	867
828.397	Moved	932	867
828.430	Moved	933	867
828.464	Moved	934	867
828.482	Moved	938	866
828.497	Moved	945	865
828.514	Moved	949	864
828.531	Moved	950	864
843.469	Pressed	Left
843.629	Released	Left
855.687	Moved	949	864
855.720	Moved	947	864
855.753	Moved	946	862
855.770	Moved	943	859
855.787	Moved	938	853
855.804	Moved	932	846
855.820	Moved	927	840
855.837	Moved	922	834
855.854	Moved	917	828
855.870	Moved	910	819
855.887	Moved	899	812
855.904	Moved	891	806
855.921	Moved	886	804
855.937	Moved	884	802
855.954	Moved	881	799
855.971	Moved	872	792
855.987	Moved	861	787
856.004	Moved	850	783
856.021	Moved	842	782
856.038	Moved	837	782
856.054	Moved	835	782
856.071	Moved	831	783
856.088	Moved	825	785
856.104	Moved	817	789
856.121	Moved	810	792
856.138	Moved	803	794
856.156	Moved	802	795
856.205	Moved	800	795
856.221	Moved	799	795
856.238	Moved	797	795
856.255	Moved	796	795
856.272	Moved	794	795
856.288	Moved	791	795
856.305	Moved	781	795
856.322	Moved	770	795
856.339	Moved	758	795
856.355	Moved	747	795
856.372	Moved	736	795
856.388	Moved	726	795
856.405	Moved	714	795
856.422	Moved	704	795
856.472	Moved	700	796
856.506	Moved	699	796
856.539	Moved	698	796
856.556	Moved	696	796
856.572	Moved	695	796
856.589	Moved	692	796
856.606	Moved	678	796
856.622	Moved	659	796
856.639	Moved	640	796
856.656	Moved	628	796
856.673	Moved	621	796
856.890	Moved	624	795
856.907	Moved	624	793
856.923	Moved	626	792
856.940	Moved	629	790
856.957	Moved	631	789
856.973	Moved	633	788
856.990	Moved	634	788
857.007	Moved	638	787
857.024	Moved	643	785
857.040	Moved	644	785
857.057	Moved	645	785
857.809	Moved	646	785
857.826	Moved	648	785
857.842	Moved	649	785
857.859	Moved	651	787
857.876	Moved	652	787
857.909	Moved	654	787
857.959	Moved	655	787
857.976	Moved	657	787
857.993	Moved	660	787
858.010	Moved	661	787
858.026	Moved	663	787
858.043	Moved	664	787
858.060	Moved	665	787
858.093	Moved	666	787
858.126	Moved	667	787
858.177	Moved	668	787
858.193	Moved	669	787
858.227	Moved	670	787
858.244	Moved	671	787
858.277	Moved	672	787
858.294	Moved	673	787
858.327	Moved	674	787
858.377	Moved	675	787
858.494	Moved	676	787
858.561	Moved	677	787
858.594	Moved	678	787
858.611	Moved	679	787
858.645	Moved	680	787
859.112	Moved	681	787
859.129	Moved	683	787
859.146	Moved	686	787
859.163	Moved	690	787
859.179	Moved	692	787
859.196	Moved	694	787
859.213	Moved	695	787
859.229	Moved	696	787
859.246	Moved	698	787
859.263	Moved	699	787
859.296	Moved	700	787
859.330	Moved	701	787
859.363	Moved	703	787
859.814	Moved	703	786
859.833	Moved	707	786
859.848	Moved	713	786
859.865	Moved	717	786
859.881	Moved	718	786
859.948	Moved	720	786
860.015	Moved	721	786
860.817	Moved	723	786
860.834	Moved	725	786
860.850	Moved	729	787
860.869	Moved	732	787
860.884	Moved	733	787
860.901	Moved	735	788
860.917	Moved	737	789
861.003	Moved	738	789
861.018	Moved	739	789
861.036	Moved	741	789
861.051	Moved	743	789
861.084	Moved	744	789
865.262	Moved	747	789
865.279	Moved	752	790
865.296	Moved	756	790
865.312	Moved	760	791
865.330	Moved	762	791
865.413	Moved	764	791
865.429	Moved	765	791
865.480	Moved	766	791
865.530	Moved	767	791
865.580	Moved	768	791
865.597	Moved	769	791
865.630	Moved	771	791
865.914	Moved	773	791
865.933	Moved	775	791
865.947	Moved	778	791
865.966	Moved	782	791
865.981	Moved	786	791
876.325	Moved	787	791
876.342	Moved	789	791
876.359	Moved	792	791
876.375	Moved	797	791
876.392	Moved	806	791
876.409	Moved	821	791
876.426	Moved	843	791
876.442	Moved	867	791
876.459	Moved	886	791
876.476	Moved	904	791
876.492	Moved	915	791
876.509	Moved	921	791
876.893	Moved	923	791
876.910	Moved	922	788
876.927	Moved	918	786
876.944	Moved	915	786
876.960	Moved	914	786
876.977	Moved	912	786
877.010	Moved	911	786
877.044	Moved	910	787
877.061	Moved	909	787
877.077	Moved	907	789
877.111	Moved	905	789
877.195	Moved	904	789
877.212	Moved	902	790
877.295	Moved	901	790
877.311	Moved	900	790
877.328	Moved	890	791
877.345	Moved	876	791
877.361	Moved	872	791
877.378	Moved	870	791
878.849	Moved	870	792
879.267	Moved	871	792
879.283	Moved	873	792
879.300	Moved	875	791
879.317	Moved	877	790
879.334	Moved	878	790
879.368	Moved	879	790
879.383	Moved	880	790
879.400	Moved	882	789
879.417	Moved	883	789
879.434	Moved	884	789
879.450	Moved	886	789
879.484	Moved	887	788
879.517	Moved	888	788
879.550	Moved	889	788
879.584	Moved	890	788
879.634	Moved	891	788
879.668	Moved	892	788
879.718	Moved	893	787
879.735	Moved	894	787
879.784	Moved	895	786
879.935	Moved	896	786
879.952	Moved	898	785
879.968	Moved	900	784
879.985	Moved	901	784
880.887	Moved	903	784
881.071	Moved	904	784
881.121	Moved	905	784
881.155	Moved	906	784
881.790	Moved	907	784
881.823	Moved	908	784
881.873	Moved	909	784
882.007	Moved	910	784
882.024	Moved	912	785
882.041	Moved	914	785
882.057	Moved	916	785
882.074	Moved	917	785
882.174	Moved	918	785
882.258	Moved	919	785
882.291	Moved	920	785
882.308	Moved	921	785
882.341	Moved	922	785
882.358	Moved	923	785
882.375	Moved	924	785
882.392	Moved	925	785
882.408	Moved	928	785
882.425	Moved	931	785
882.442	Moved	933	785
882.458	Moved	934	785
882.492	Moved	935	785
882.508	Moved	937	785
882.525	Moved	939	785
882.542	Moved	941	785
882.559	Moved	942	785
883.177	Moved	942	786
883.361	Moved	941	786
883.428	Moved	940	786
883.461	Moved	939	786
883.478	Moved	939	788
883.494	Moved	935	788
883.511	Moved	928	790
883.528	Moved	917	790
883.545	Moved	902	791
883.561	Moved	887	791
883.578	Moved	874	791
883.595	Moved	853	791
883.612	Moved	836	791
883.628	Moved	823	791
883.645	Moved	815	791
883.662	Moved	812	791
883.678	Moved	810	791
883.695	Moved	809	791
883.712	Moved	808	791
883.930	Moved	809	791
883.946	Moved	813	791
883.964	Moved	821	791
883.979	Moved	830	791
883.996	Moved	837	791
884.012	Moved	844	791
884.029	Moved	852	791
884.062	Moved	865	791
884.063	Moved	879	791
884.079	Moved	888	791
884.096	Moved	891	791
884.347	Moved	893	791
884.365	Moved	895	791
884.380	Moved	899	791
884.399	Moved	903	791
884.414	Moved	905	791
884.497	Moved	906	791
884.565	Moved	907	791
884.581	Moved	909	790
884.599	Moved	911	790
884.614	Moved	913	790
884.633	Moved	915	790
884.648	Moved	915	789
885.000	Moved	916	789
885.015	Moved	917	789
885.067	Moved	918	789
885.082	Moved	919	789
885.100	Moved	921	789
885.115	Moved	922	789
885.167	Moved	923	789
885.200	Moved	924	789
885.216	Moved	926	789
885.283	Moved	927	789
885.301	Moved	929	789
885.316	Moved	934	789
885.333	Moved	940	789
885.349	Moved	943	789
886.218	Moved	942	789
886.252	Moved	941	789
886.269	Moved	941	790
886.285	Moved	940	790
886.319	Moved	939	790
886.337	Moved	937	790
886.352	Moved	933	790
886.369	Moved	926	790
886.386	Moved	923	790
886.404	Moved	921	790
886.419	Moved	920	790
886.436	Moved	919	790
886.471	Moved	918	790
886.502	Moved	917	790
886.686	Moved	917	791
886.703	Moved	916	791
886.720	Moved	915	791
886.738	Moved	913	791
886.753	Moved	907	791
886.772	Moved	902	791
886.787	Moved	899	791
886.820	Moved	897	791
886.839	Moved	896	791
886.853	Moved	894	791
886.870	Moved	888	791
886.887	Moved	879	791
886.904	Moved	872	791
886.920	Moved	869	791
887.307	Moved	870	791
887.405	Moved	871	791
887.455	Moved	872	791
887.773	Moved	873	791
887.823	Moved	874	791
887.856	Moved	875	791
887.873	Moved	876	791
887.906	Moved	877	791
887.923	Moved	878	791
887.940	Moved	880	791
887.956	Moved	881	791
887.973	Moved	883	791
887.990	Moved	884	791
888.023	Moved	885	791
888.040	Moved	886	791
888.057	Moved	887	791
888.107	Moved	888	791
888.140	Moved	889	791
888.157	Moved	890	791
888.174	Moved	891	791
888.224	Moved	892	791
888.259	Moved	893	791
888.307	Moved	894	791
888.324	Moved	896	790
888.341	Moved	901	790
888.357	Moved	905	789
888.458	Moved	909	788
888.625	Moved	910	787
888.642	Moved	911	787
888.658	Moved	912	787
888.675	Moved	912	785
888.701	Pressed	Left
888.861	Released	Left
889.428	Moved	913	786
889.444	Moved	915	793
889.462	Moved	915	795
889.477	Moved	915	796
889.495	Moved	915	797
889.511	Moved	915	798
889.544	Moved	915	800
889.562	Moved	915	801
889.577	Moved	914	803
889.596	Moved	912	807
889.612	Moved	910	809
889.629	Moved	905	814
889.644	Moved	899	818
889.662	Moved	897	819
889.811	Moved	896	820
889.829	Moved	896	819
889.845	Moved	894	817
889.863	Moved	893	816
889.878	Moved	889	814
889.896	Moved	884	814
889.912	Moved	880	814
889.930	Moved	877	814
889.945	Moved	874	814
889.963	Moved	871	814
889.978	Moved	868	814
889.997	Moved	866	814
890.012	Moved	865	814
890.030	Moved	864	814
890.197	Moved	867	813
890.212	Moved	869	811
890.231	Moved	873	809
890.246	Moved	875	809
890.264	Moved	883	806
890.279	Moved	893	804
890.298	Moved	904	802
890.313	Moved	914	799
890.332	Moved	922	797
890.346	Moved	923	796
890.364	Moved	925	796
890.380	Moved	928	794
890.398	Moved	932	792
890.413	Moved	934	791
890.431	Moved	935	791
890.465	Moved	935	790
890.480	Moved	937	790
890.498	Moved	940	788
890.513	Moved	942	787
890.547	Moved	943	787
891.157	Pressed	Left
891.293	Released	Left
891.767	Moved	942	789
891.783	Moved	940	791
891.800	Moved	939	792
891.817	Moved	933	797
891.851	Moved	932	798
891.867	Moved	930	800
891.900	Moved	928	802
891.919	Moved	928	803
892.034	Moved	926	803
892.052	Moved	925	803
892.067	Moved	923	801
892.087	Moved	922	800
892.118	Moved	921	800
892.152	Moved	919	797
892.168	Moved	918	796
892.218	Moved	918	795
892.253	Moved	916	795
892.268	Moved	916	794
892.301	Moved	915	794
892.368	Moved	915	793
892.420	Moved	914	793
892.502	Moved	913	792
892.654	Moved	912	792
892.687	Moved	912	791
893.205	Pressed	Left
893.365	Released	Left
893.889	Moved	912	792
893.906	Moved	912	793
893.973	Moved	912	794
894.006	Moved	911	794
894.023	Moved	909	794
894.039	Moved	907	794
894.056	Moved	906	795
894.140	Moved	905	795
895.042	Moved	904	795
895.075	Moved	904	797
895.092	Moved	903	797
895.109	Moved	901	799
895.126	Moved	898	801
895.159	Moved	897	803
895.192	Moved	897	804
895.259	Moved	896	804
895.309	Moved	895	804
895.326	Moved	894	804
895.343	Moved	892	804
895.360	Moved	887	804
895.376	Moved	878	804
895.393	Moved	868	804
895.410	Moved	863	804
895.426	Moved	859	804
895.443	Moved	856	804
895.460	Moved	855	804
895.527	Moved	854	804
895.543	Moved	853	805
895.562	Moved	851	805
895.577	Moved	848	807
895.594	Moved	846	807
895.610	Moved	845	807
895.627	Moved	843	809
895.660	Moved	841	809
895.894	Moved	840	809
898.285	Moved	840	808
898.320	Moved	841	808
898.334	Moved	841	807
898.352	Moved	841	806
898.368	Moved	839	802
898.386	Moved	836	796
898.401	Moved	834	791
898.418	Moved	833	787
898.434	Moved	831	783
898.454	Moved	830	779
898.468	Moved	826	774
898.485	Moved	822	766
898.501	Moved	814	756
898.520	Moved	805	746
898.535	Moved	799	741
898.553	Moved	796	740
898.568	Moved	795	739
898.587	Moved	795	738
898.602	Moved	794	738
898.886	Moved	794	737
898.921	Moved	794	736
898.936	Moved	795	735
900.172	Moved	797	734
900.189	Moved	803	734
900.206	Moved	816	734
900.223	Moved	832	736
900.239	Moved	846	738
900.256	Moved	862	743
900.273	Moved	878	747
900.289	Moved	893	754
900.306	Moved	907	758
900.323	Moved	920	761
900.340	Moved	931	765
900.356	Moved	941	769
900.373	Moved	951	773
900.390	Moved	962	779
900.406	Moved	966	781
900.423	Moved	968	783
900.440	Moved	969	783
900.456	Moved	969	785
900.557	Moved	967	786
900.574	Moved	956	787
900.591	Moved	945	787
900.607	Moved	939	787
900.690	Moved	937	787
900.707	Moved	935	787
900.724	Moved	930	787
900.741	Moved	927	786
900.757	Moved	925	786
900.874	Moved	923	786
901.058	Moved	922	786
901.075	Moved	920	786
901.092	Moved	918	786
901.108	Moved	915	787
902.395	KEY	d
903.832	Moved	911	788
903.884	Moved	910	788
904.065	KEY	a
906.907	Moved	908	787
906.924	Moved	906	785
906.957	Moved	904	784
907.228	KEY	s
907.425	Moved	905	782
907.442	Moved	907	780
907.459	Moved	908	779
907.475	Moved	910	774
907.492	Moved	913	768
907.509	Moved	917	760
907.526	Moved	922	750
907.542	Moved	926	740
907.559	Moved	929	732
907.576	Moved	932	725
907.592	Moved	934	720
907.609	Moved	936	717
907.626	Moved	940	712
907.642	Moved	950	708
907.659	Moved	967	705
907.676	Moved	984	702
907.693	Moved	999	700
907.709	Moved	1020	697
907.726	Moved	1048	697
907.743	Moved	1072	697
907.760	Moved	1085	697
907.776	Moved	1089	697
907.927	Moved	1090	698
908.078	Moved	1090	699
908.112	Moved	1089	699
908.160	Moved	1088	699
908.245	Moved	1087	699
908.361	Moved	1086	699
908.428	KEY	w
908.428	Moved	1086	700
908.513	Moved	1085	700
908.681	Moved	1084	700
908.730	Moved	1084	701
908.762	Moved	1083	701
908.958	Pressed	Left
909.081	Moved	1082	701
909.096	Moved	1080	701
909.116	Moved	799	449
909.131	Moved	799	449
909.148	Moved	799	449
909.163	Moved	799	449
909.182	Moved	799	449
909.197	Moved	799	449
909.215	Moved	799	449
909.230	Moved	799	449
909.249	Moved	799	449
909.264	Moved	799	449
909.281	Moved	799	449
909.297	Moved	799	449
909.330	Moved	799	449
909.330	Moved	799	449
909.348	Moved	799	449
909.364	Moved	799	449
909.381	Moved	799	449
909.397	Moved	799	449
909.414	Moved	799	449
909.431	Moved	799	449
909.449	Moved	799	449
909.468	Moved	799	449
909.481	Moved	799	449
909.497	Moved	799	449
909.518	Moved	799	449
909.531	Moved	799	449
909.549	Moved	799	449
909.883	Moved	799	449
909.899	Moved	799	449
909.917	Moved	799	449
909.932	Moved	799	449
909.949	Moved	799	449
909.965	Moved	799	449
909.983	Moved	799	449
909.999	Moved	799	449
910.016	Moved	799	449
910.032	Moved	799	449
910.065	Moved	799	449
910.066	Moved	799	449
910.084	Moved	799	449
910.099	Moved	799	449
910.116	Moved	799	449
910.132	Moved	799	449
910.150	Moved	799	449
910.166	Moved	799	449
910.183	Moved	799	449
910.199	Moved	799	449
910.217	Moved	799	449
910.233	Moved	799	449
910.266	Moved	799	449
910.452	Moved	799	449
910.467	Moved	799	449
910.484	Moved	799	449
910.500	Moved	799	449
910.517	Moved	799	449
910.534	Moved	799	449
910.550	Moved	799	449
910.568	Moved	799	449
910.584	Moved	799	449
910.600	Moved	799	449
910.617	Moved	799	449
910.634	Moved	799	449
910.868	Moved	799	449
910.901	Moved	799	449
910.922	Moved	799	449
910.935	Moved	799	449
910.951	Moved	799	449
910.968	Moved	799	449
911.001	Moved	799	449
911.023	Moved	799	449
911.035	Moved	799	449
911.071	Moved	799	449
911.135	Moved	799	449
911.286	Moved	799	449
911.302	Moved	799	449
911.321	Moved	799	449
911.336	Moved	799	449
911.352	Moved	799	449
911.621	Released	Left
912.203	KEY	a
912.523	Moved	1240	677
912.873	Moved	1239	677
912.940	Moved	1238	677
912.957	Moved	1238	678
912.991	Moved	1237	678
913.207	Moved	1236	678
913.258	Moved	1235	678
913.408	Moved	1234	679
913.491	Moved	1233	679
913.508	Moved	1233	681
913.542	Moved	1232	681
913.558	Moved	1230	682
913.592	Moved	1229	682
913.625	Moved	1228	683
913.642	Moved	1227	683
913.742	Moved	1226	683
913.759	Moved	1226	684
913.775	Moved	1225	684
913.826	Moved	1224	684
913.859	Moved	1223	684
913.876	Moved	1222	684
913.893	Moved	1221	684
913.909	Moved	1219	686
913.926	Moved	1217	686
913.943	Moved	1215	686
913.959	Moved	1214	686
913.993	Moved	1213	686
914.245	KEY	w
915.129	KEY	SPACE
915.248	Moved	1212	686
915.263	Moved	1211	686
915.296	Moved	1210	687
915.315	Moved	1209	687
915.530	Moved	1208	687
915.553	KEY	w
915.599	Moved	1208	688
915.798	Moved	1206	688
